80 80
1 1
2 2 2 2 2 2 2 2 2 2 2 2 2 2 2 2 2 2 2 2 2 2 2 2 2 2 2 2 2 2 2 2 2 2 2 2 2 2 2 2 2 2 2 2 2 2 2 2 2 2 2 2 2 2 2 2 2 2 2 2 2 2 2 2 2 2 2 2 2 2 2 2 2 2 2 2 2 2 2 2
2 4 3 3 3 3 3 3 3 3 3 3 3 3 3 3 3 3 3 3 3 3 3 3 3 3 3 3 3 0 0 3 3 1 0 3 1 3 1 1 0 3 0 0 1 1 3 0 0 1 0 3 1 1 1 0 0 1 3 3 0 0 1 0 0 1 0 3 3 0 0 1 0 1 3 3 0 0 1 3
2 8 3 3 3 3 3 3 3 3 3 3 3 3 3 3 3 3 3 3 3 3 3 3 3 3 3 3 0 0 0 3 0 0 0 3 0 0 3 0 0 1 3 3 1 0 0 1 0 0 0 0 0 1 0 3 0 3 3 0 0 0 0 1 0 0 0 1 0 3 0 1 1 1 0 0 0 3 0 3
2 8 3 3 3 3 3 3 3 3 3 3 3 3 3 3 3 3 3 3 3 3 3 3 3 3 3 3 1 1 0 0 0 0 0 0 0 0 0 0 3 3 0 1 0 3 3 1 3 1 0 3 0 0 0 0 3 3 3 3 0 1 0 0 1 0 1 1 3 0 0 3 1 1 0 0 0 0 1 3
2 11 9 9 9 9 9 9 9 9 9 9 9 9 9 9 12 3 3 3 3 3 3 0 0 3 0 3 0 0 3 1 0 3 0 0 0 3 1 1 1 1 0 0 3 0 0 3 1 3 3 1 1 1 0 0 1 0 1 0 1 1 0 1 0 0 3 3 1 0 0 3 1 0 0 0 0 0 0 3
2 3 3 3 3 3 3 3 3 3 3 3 3 3 3 3 8 3 3 3 3 3 3 1 0 0 1 1 0 3 0 0 0 1 0 3 3 0 1 3 0 1 1 0 0 0 1 0 3 1 0 1 1 0 1 1 3 0 1 1 1 3 1 3 1 1 1 3 3 0 0 3 1 0 1 0 0 1 0 3
2 3 3 3 3 3 3 3 3 3 3 3 3 3 3 3 8 3 3 3 3 3 3 3 0 0 1 1 0 3 0 0 0 0 3 0 0 0 0 3 3 0 0 0 1 0 0 0 0 3 1 0 0 0 1 0 1 1 1 1 1 0 0 0 1 3 0 0 0 0 0 0 0 0 3 0 3 3 0 3
2 3 3 3 3 3 3 3 3 3 3 3 3 3 3 3 8 3 3 3 3 3 3 3 0 0 3 0 3 0 0 3 3 3 0 0 1 0 0 1 0 0 0 3 0 0 1 0 3 3 1 3 1 0 1 0 1 0 0 0 3 0 0 1 0 0 0 3 0 1 1 1 0 1 1 0 0 0 0 3
2 3 3 3 3 3 3 3 3 3 3 3 3 3 3 3 8 3 3 3 3 3 3 3 0 1 0 0 0 1 0 3 1 1 0 1 0 1 0 3 3 1 3 0 1 3 0 1 0 1 0 1 0 0 0 0 0 0 3 0 3 0 0 3 0 1 3 3 3 0 0 1 0 1 3 0 0 1 1 3
2 3 3 3 3 3 3 3 3 3 3 3 3 3 3 3 8 3 3 3 3 3 3 0 0 0 0 1 1 1 0 0 0 3 1 0 3 0 0 0 1 0 3 1 3 0 3 1 1 0 3 0 0 0 0 0 0 1 0 0 3 1 1 0 0 0 0 0 1 1 0 0 0 1 1 0 0 0 3 3
2 3 3 3 3 3 3 3 3 3 3 3 3 3 3 3 8 3 3 3 3 3 3 3 3 1 0 3 0 0 0 1 0 0 0 3 1 1 1 0 3 0 1 0 3 3 3 0 1 3 1 1 0 0 3 1 0 3 0 3 1 1 0 0 3 0 1 1 1 0 3 1 0 0 0 1 1 3 0 3
2 0 0 0 0 0 0 0 0 13 9 9 9 9 9 9 10 3 3 3 3 3 3 1 3 0 0 0 0 3 1 3 0 3 0 0 3 1 0 0 0 0 3 0 1 1 1 0 0 3 3 1 0 3 0 0 0 0 3 0 3 1 0 1 3 1 0 0 0 1 3 1 0 0 0 1 1 3 1 3
2 0 0 0 0 0 0 0 0 8 3 3 3 3 3 3 3 3 1 1 0 3 3 3 3 0 0 0 0 1 3 0 0 1 1 0 1 0 1 1 3 3 3 3 3 0 0 0 1 0 1 3 0 3 0 1 0 3 1 0 1 0 0 0 1 0 0 1 0 0 0 3 3 0 0 3 0 1 1 3
2 0 0 0 0 0 0 0 0 8 3 3 3 3 3 3 0 0 0 1 0 3 0 0 0 0 1 3 3 0 0 3 3 0 1 0 0 3 3 3 3 0 0 0 1 1 0 3 0 0 1 1 0 3 0 3 1 1 3 0 0 0 0 1 1 3 0 1 3 3 0 1 0 0 3 0 0 3 0 3
2 0 0 0 0 0 0 0 0 8 3 3 3 3 3 3 1 3 3 1 3 0 0 3 0 3 0 3 0 1 1 0 0 0 0 0 0 3 0 3 0 1 1 0 3 0 1 0 1 3 1 0 0 0 3 1 0 0 0 0 0 3 0 0 1 3 0 3 1 0 1 0 3 0 0 0 0 0 3 3
2 0 0 0 0 0 0 0 0 8 3 3 3 1 1 1 3 0 1 0 3 1 0 3 0 0 3 3 0 3 0 3 1 3 0 1 0 1 0 1 0 3 3 1 3 0 1 0 3 1 3 0 3 0 1 0 0 0 1 3 0 0 1 0 0 1 0 3 0 0 3 3 3 0 1 3 0 0 1 3
2 0 0 0 0 0 0 0 0 8 3 3 3 0 0 0 3 0 0 0 0 0 3 0 1 0 0 3 1 1 3 3 0 0 0 0 3 3 3 0 0 0 0 0 1 1 0 0 0 1 3 0 1 3 0 3 0 1 3 3 0 0 1 1 0 1 1 3 0 3 3 0 0 0 0 0 1 1 1 3
2 0 0 0 0 0 0 0 0 3 1 3 1 3 3 0 1 3 0 1 3 1 0 1 0 0 3 3 1 3 0 1 1 3 0 1 1 0 1 3 1 1 0 0 3 0 0 1 0 3 0 0 1 0 0 3 0 1 1 1 0 0 0 3 0 0 3 3 3 3 0 0 0 0 1 3 3 0 1 3
2 0 0 1 3 3 0 1 0 3 0 3 0 1 0 0 0 3 0 3 0 0 0 0 1 0 0 0 0 1 0 3 0 1 1 1 3 3 0 3 1 3 0 1 3 0 1 0 3 3 3 1 3 3 0 1 3 0 1 0 1 0 3 3 3 1 0 3 0 3 0 0 3 3 0 3 1 3 0 3
2 0 1 0 0 0 0 3 3 0 3 0 3 0 0 1 0 1 0 0 1 3 3 0 3 3 0 1 3 1 0 0 3 0 3 0 0 0 0 1 0 0 0 3 3 1 0 0 1 3 3 0 1 0 0 0 1 1 1 3 0 0 0 0 0 1 1 0 1 1 0 1 0 1 3 1 0 0 0 3
2 3 0 3 1 1 0 3 1 1 1 3 0 1 1 3 1 1 3 1 0 3 0 0 0 0 3 0 1 0 0 0 1 0 0 0 1 0 0 0 3 3 1 1 0 1 0 0 0 0 1 3 3 3 0 1 0 1 0 0 3 3 0 0 0 0 0 3 0 0 3 0 0 0 3 0 3 0 3 3
2 3 0 0 0 0 0 3 3 3 3 3 0 0 0 1 0 1 3 3 1 1 0 1 0 0 0 1 0 3 1 1 1 0 0 1 1 0 0 0 3 1 3 3 1 1 1 0 0 0 0 0 3 0 0 3 3 1 3 0 1 0 3 0 0 3 3 3 0 1 1 3 1 0 0 0 3 3 0 3
3 0 3 0 1 0 3 0 0 1 0 1 1 0 0 3 0 0 3 0 3 3 3 1 3 0 0 3 1 0 3 1 0 1 0 0 1 0 0 0 0 0 3 0 1 0 3 1 0 1 0 0 0 3 0 0 1 0 0 0 3 1 0 1 1 0 1 0 1 3 0 0 0 3 3 3 1 1 3 3
3 1 0 0 0 0 0 0 0 3 3 3 3 3 0 0 0 0 1 0 3 0 0 1 1 3 0 1 1 0 3 1 0 0 0 0 0 0 0 0 0 3 3 0 0 0 0 3 0 3 0 0 1 0 0 1 3 0 0 3 0 1 0 3 0 1 1 0 1 1 0 3 1 0 0 1 3 3 1 3
3 0 1 0 3 0 0 3 1 0 1 1 3 0 3 0 1 0 3 0 0 1 3 1 1 3 1 0 1 0 1 1 3 0 0 3 0 3 0 0 1 1 1 3 0 0 0 0 0 3 3 0 0 1 1 0 3 1 0 1 3 0 0 0 0 3 1 1 3 1 0 3 0 3 0 3 3 1 3 3
3 1 0 1 0 3 3 1 0 0 0 0 3 3 0 0 3 0 0 3 0 0 1 0 3 0 0 0 0 3 1 0 0 3 0 0 0 0 0 3 0 0 0 0 0 3 3 0 0 1 0 0 0 3 3 0 0 0 1 0 0 0 1 0 1 0 0 3 0 0 0 1 3 1 0 0 3 3 3 3
3 0 1 0 3 3 1 0 1 0 3 1 1 1 0 1 3 0 1 3 3 0 0 1 0 1 3 1 1 0 3 0 3 0 3 1 3 0 1 0 3 0 1 0 1 3 0 1 0 3 0 3 0 1 1 0 1 0 0 3 3 1 1 0 0 0 3 3 3 0 0 3 1 0 0 1 1 3 0 3
3 1 0 0 0 3 1 0 3 3 3 0 0 3 1 3 3 0 3 1 0 3 0 3 0 1 0 1 3 0 3 0 0 1 0 3 3 0 0 0 1 0 1 0 0 0 0 0 0 1 0 1 3 3 1 0 0 1 0 1 0 0 3 0 0 1 0 1 0 1 3 3 0 3 3 1 3 3 3 3
3 0 3 0 1 1 0 0 3 0 0 1 0 0 0 3 1 1 0 1 0 3 0 1 3 0 1 1 0 0 3 0 3 3 1 0 0 0 0 0 0 1 1 1 1 1 0 0 0 0 0 3 3 3 0 3 0 0 3 0 0 0 3 0 3 0 1 0 0 0 0 0 0 3 0 0 3 0 1 3
3 0 1 3 3 0 0 1 3 1 3 1 3 3 3 3 1 0 0 1 3 1 0 1 1 1 0 3 3 0 3 0 3 0 3 0 0 0 1 3 0 0 0 0 3 1 0 3 1 0 0 0 0 1 3 0 0 1 0 3 0 3 1 3 3 0 1 0 1 0 0 3 3 0 0 1 0 3 3 3
3 0 0 0 1 1 1 3 0 0 3 1 0 0 3 3 1 0 1 1 0 0 0 3 3 0 1 0 0 0 0 0 0 0 0 3 0 0 0 0 1 0 1 1 0 0 0 0 3 0 0 0 1 0 1 0 3 0 1 1 0 0 1 1 1 1 0 0 0 0 0 0 0 3 0 3 1 0 1 3
3 3 3 1 0 3 0 0 0 0 3 0 0 3 3 1 3 1 1 3 0 0 0 3 3 1 3 1 3 3 0 0 0 3 0 1 3 0 3 0 3 0 1 0 0 0 0 1 1 0 3 0 0 0 3 0 1 0 0 1 0 3 3 0 1 0 1 1 0 3 0 0 0 0 3 0 1 0 3 3
3 1 0 1 3 1 3 1 1 3 3 0 0 0 0 1 1 1 3 3 1 3 0 1 1 0 1 0 3 1 0 3 1 1 3 3 3 0 0 3 0 0 0 1 0 0 0 0 0 0 0 0 1 0 3 0 1 1 3 0 0 0 0 1 3 3 1 0 0 1 3 0 3 0 0 3 1 0 0 3
3 0 1 0 0 0 0 1 0 3 1 3 0 3 0 0 3 3 3 0 3 1 0 0 3 0 3 0 0 0 1 0 3 3 0 1 0 0 0 0 3 3 1 1 1 0 1 0 1 0 0 3 1 0 1 3 0 0 0 1 0 1 0 3 0 0 0 0 1 0 1 3 3 3 0 0 0 3 1 3
3 0 1 1 0 0 0 0 0 0 1 0 1 0 3 3 1 0 1 3 0 0 0 3 1 0 0 3 0 3 0 3 3 3 3 1 0 0 1 1 0 3 0 0 3 0 0 1 0 1 0 3 0 1 3 0 3 1 0 0 1 1 0 0 0 1 0 1 1 1 3 0 3 1 0 0 0 0 3 3
3 0 0 1 1 3 0 0 3 0 3 1 1 0 1 0 0 0 3 0 3 0 0 3 0 1 0 1 0 3 1 0 3 3 0 0 0 3 1 0 1 0 1 0 0 3 3 3 3 1 3 0 1 0 0 1 1 0 0 1 0 0 0 1 3 0 0 3 0 1 0 3 0 0 0 3 0 1 3 3
3 0 0 0 1 1 0 1 0 3 1 0 3 1 1 0 1 1 3 1 0 0 1 0 3 3 3 0 0 3 0 1 0 0 0 0 1 1 1 3 3 0 1 1 0 3 0 0 1 1 0 0 0 0 0 1 0 0 1 0 1 3 3 1 1 0 1 0 1 0 0 3 0 0 1 0 1 1 3 3
3 1 3 3 0 1 0 3 0 0 0 0 0 1 0 0 1 1 0 3 3 1 1 0 0 3 1 3 0 1 1 0 0 0 0 3 0 0 3 1 0 3 3 0 3 0 0 0 0 0 1 0 3 0 0 1 3 0 1 3 0 3 0 0 0 1 0 0 3 0 0 0 0 0 3 3 1 0 3 3
3 3 0 0 1 1 1 0 3 0 0 1 3 0 3 1 3 3 0 1 1 1 1 0 0 0 0 0 1 0 3 3 1 0 0 1 0 1 1 0 1 1 3 3 1 0 1 0 0 1 3 1 3 3 3 1 3 0 0 1 0 1 1 0 0 3 1 3 1 0 0 1 0 0 0 0 1 0 0 3
3 3 0 0 0 0 1 0 0 0 0 0 1 0 0 0 0 3 3 0 3 0 0 1 0 1 3 1 1 3 1 0 3 1 0 0 0 1 3 3 3 3 0 0 3 3 1 0 1 1 0 0 1 3 0 3 1 0 1 0 0 0 0 1 0 0 3 0 0 3 0 3 0 0 0 1 0 0 3 3
3 1 0 3 3 0 0 1 1 0 0 0 0 0 0 0 0 0 3 0 1 1 0 0 0 0 1 0 0 3 3 3 0 0 0 0 0 0 3 0 3 1 3 0 0 0 0 0 0 0 3 3 1 1 0 0 0 1 0 0 0 0 3 0 1 3 0 1 1 3 0 0 3 1 0 1 3 0 1 3
3 1 3 0 0 3 0 0 3 1 3 1 0 0 0 3 3 0 1 1 0 1 1 3 1 1 3 1 0 1 0 3 0 0 0 0 0 0 0 0 0 0 3 3 1 1 0 0 0 1 1 0 1 3 1 0 0 3 0 0 1 3 0 0 0 1 3 1 0 0 0 3 1 3 1 0 1 0 0 3
3 1 3 1 0 0 3 0 1 0 3 0 3 1 0 3 0 1 0 0 1 0 1 0 0 0 0 0 1 0 3 3 0 0 3 1 0 3 0 3 0 0 1 1 3 0 1 0 3 3 0 0 1 0 3 1 3 0 0 0 1 0 3 0 0 0 1 0 1 0 3 3 1 3 1 1 0 1 0 3
3 0 3 0 0 0 1 0 0 0 1 1 0 0 0 0 1 0 0 0 3 1 0 0 1 1 0 0 3 1 3 0 0 0 0 0 0 0 1 0 1 1 0 3 0 1 1 3 3 0 1 1 0 0 1 0 0 0 3 3 0 1 0 1 0 1 0 0 0 3 1 0 0 3 0 1 1 0 0 3
3 3 0 0 0 3 1 1 1 0 1 0 3 0 0 0 3 1 3 3 0 0 0 1 0 0 1 0 3 0 0 3 3 0 0 0 0 0 3 3 3 0 1 0 3 0 1 0 0 1 0 0 0 0 0 0 1 0 0 0 0 0 3 0 0 0 1 0 3 0 0 0 1 0 0 0 3 0 0 3
3 0 0 3 1 3 3 0 0 3 0 0 1 1 1 1 0 3 1 3 3 3 0 0 0 3 1 0 0 0 0 0 0 0 3 3 0 0 3 1 3 1 0 3 0 0 0 0 1 0 0 0 3 0 1 1 3 3 0 0 0 1 0 0 0 0 3 0 3 0 1 0 0 0 0 0 3 3 3 3
3 1 0 1 0 0 1 3 1 0 3 0 0 1 1 1 1 0 0 3 3 3 0 0 0 1 3 1 0 0 3 0 3 3 0 3 3 0 0 0 0 0 0 0 0 0 0 0 3 0 0 3 0 1 0 0 3 0 3 1 1 1 0 1 3 1 3 3 0 0 1 0 0 0 0 3 1 0 0 3
3 3 0 1 0 3 0 3 3 3 3 1 0 0 1 0 0 0 0 0 1 0 0 0 0 3 0 1 0 3 0 3 0 3 0 0 3 3 0 3 0 0 0 0 1 0 0 0 1 1 0 3 1 3 3 0 0 1 0 0 0 0 0 0 3 0 3 3 3 0 3 3 0 3 1 3 3 0 1 3
3 3 0 0 0 0 0 1 0 0 0 0 0 0 0 0 0 0 1 0 3 1 1 0 3 1 0 1 1 0 0 0 0 3 3 0 0 3 0 3 0 1 0 1 1 0 3 0 1 1 3 1 3 0 1 3 3 3 3 0 3 0 0 1 3 1 0 0 3 0 0 0 3 0 3 0 1 1 0 3
3 3 3 0 3 3 1 0 0 1 0 0 0 1 0 0 0 3 0 0 3 0 3 1 0 3 3 3 3 3 0 0 0 0 0 3 0 3 1 1 0 3 0 0 0 1 0 1 0 0 3 1 1 3 0 0 0 1 0 3 1 1 3 0 1 3 3 1 0 0 3 1 1 1 0 1 0 1 1 3
3 0 0 3 1 0 3 1 0 3 0 3 3 0 0 1 0 3 0 1 1 3 0 0 0 0 0 3 0 1 0 1 1 0 3 0 0 1 3 1 1 1 3 1 1 1 0 3 1 1 1 3 0 0 0 1 1 3 1 3 3 1 0 0 0 1 3 0 3 1 1 3 3 1 0 0 3 1 3 3
3 0 0 0 0 0 0 3 0 0 0 3 1 0 1 0 0 0 0 0 3 1 3 3 0 0 0 0 1 0 1 0 1 3 3 0 1 1 1 0 3 0 0 3 3 0 0 0 1 3 3 0 1 0 3 0 1 0 1 0 1 0 3 0 0 0 0 0 1 0 3 0 1 0 0 3 0 3 3 3
3 3 1 0 3 3 0 3 1 0 1 0 0 1 3 1 0 0 0 3 3 0 1 1 0 0 0 3 0 0 3 1 3 1 3 0 3 0 0 0 0 1 0 0 3 0 3 1 1 1 0 0 3 0 0 0 0 0 0 0 3 0 0 0 3 0 1 0 0 3 0 0 3 3 0 3 3 0 0 3
3 1 0 3 1 3 3 0 0 0 3 0 3 1 3 0 1 0 0 0 0 1 1 0 0 1 1 0 0 0 3 0 0 1 0 1 0 3 0 3 0 0 0 0 3 0 0 0 3 0 0 0 0 1 3 0 3 3 0 0 1 1 3 0 0 3 3 3 0 1 3 0 1 1 3 0 0 1 0 3
3 1 0 0 1 0 1 0 3 0 3 0 0 1 1 1 1 1 0 3 3 0 1 0 3 3 0 1 1 0 0 3 0 0 3 0 0 0 0 3 1 0 0 1 3 0 0 0 3 0 0 0 0 0 0 1 0 0 0 3 0 0 0 3 3 1 1 0 0 1 1 0 0 3 3 0 3 0 3 3
3 0 3 0 3 3 0 3 0 0 0 3 0 0 0 0 3 1 3 0 1 1 0 0 1 0 0 0 0 0 3 3 0 1 1 1 0 3 0 0 0 3 0 0 0 3 3 1 1 3 0 1 1 0 0 0 0 0 1 3 3 1 3 0 0 3 1 1 1 0 0 1 0 3 3 0 0 3 1 3
3 0 1 3 1 3 3 1 1 0 3 3 1 0 0 0 0 1 3 1 3 0 1 0 0 3 0 0 3 3 0 1 0 3 0 0 1 0 3 0 3 0 0 0 0 0 1 3 3 3 1 3 3 0 0 3 3 0 0 0 1 1 0 0 0 0 0 0 1 1 0 1 0 1 0 0 0 3 3 3
3 1 1 0 3 1 1 0 3 0 0 3 3 3 0 0 0 0 0 0 3 0 0 3 0 3 0 1 1 3 0 3 0 3 0 1 1 3 0 3 0 3 0 1 0 0 0 0 0 1 1 0 1 0 1 0 0 0 0 0 0 0 0 0 3 1 0 0 0 3 0 3 3 1 0 1 1 0 0 3
3 0 1 0 0 0 1 0 3 3 0 0 3 0 0 3 0 3 0 0 0 3 0 0 0 3 3 0 3 0 0 0 0 1 0 3 0 1 3 0 1 1 0 0 1 0 1 0 1 1 0 1 1 0 3 0 3 0 1 0 1 0 3 0 3 1 1 0 0 0 3 0 3 0 0 0 3 0 3 3
3 1 3 3 0 3 0 3 0 0 0 0 3 1 1 0 3 3 0 0 0 0 0 0 1 0 0 0 3 0 0 0 1 3 0 0 0 0 0 1 0 0 1 3 1 0 0 1 0 3 0 0 1 1 0 3 1 0 0 3 0 0 0 0 0 3 0 0 1 0 0 0 1 1 1 0 3 3 3 3
3 3 1 0 0 0 0 0 0 1 3 3 3 0 0 3 1 3 0 3 0 3 3 3 1 0 0 1 0 0 1 0 0 1 0 0 3 3 1 0 0 0 1 3 0 0 0 0 1 0 0 3 0 0 0 0 0 3 3 3 3 1 3 0 3 0 0 0 1 0 3 0 0 3 0 0 0 1 1 3
3 1 1 1 0 0 0 1 1 3 1 0 0 0 1 0 1 0 1 0 0 3 0 0 0 1 3 0 0 0 1 0 0 1 0 1 0 0 0 3 3 0 1 0 0 1 3 0 3 0 0 0 0 3 1 1 0 1 3 0 0 0 0 0 1 3 1 1 0 0 0 1 1 3 0 0 3 0 1 3
3 0 0 1 3 3 3 0 0 0 3 1 1 3 1 1 1 1 0 0 0 3 0 0 0 3 0 1 1 3 0 1 1 1 3 3 0 0 0 0 3 0 1 0 0 1 3 3 1 0 1 0 0 0 0 1 0 1 1 3 1 3 3 1 0 0 0 1 1 1 1 3 0 3 3 0 3 1 0 3
3 0 0 3 1 0 3 0 0 1 3 3 3 0 3 3 0 3 1 3 3 1 3 3 0 3 0 1 3 1 1 1 3 1 0 0 0 1 0 0 0 1 0 3 0 0 3 0 3 0 0 1 1 1 0 1 3 0 3 0 0 1 0 0 1 0 0 0 0 3 1 1 0 3 3 3 1 0 0 3
3 0 1 0 0 0 0 0 1 0 3 1 0 3 0 0 3 0 0 1 0 0 3 1 0 1 0 3 0 1 3 0 0 0 0 0 1 0 0 0 1 0 1 0 0 0 3 0 0 0 0 1 0 1 1 3 0 0 3 0 0 0 0 3 3 1 3 3 1 0 3 0 3 1 3 1 3 1 0 3
3 0 0 0 3 3 3 3 0 0 0 0 1 0 3 0 0 1 0 0 3 3 3 0 0 1 3 0 0 1 0 0 0 0 3 3 3 0 3 0 3 1 1 0 0 0 0 3 1 0 0 0 0 1 3 0 3 3 0 0 1 1 0 1 3 1 0 0 3 0 1 0 3 1 0 0 1 0 0 3
3 1 0 3 3 3 3 3 3 0 3 0 0 0 0 1 0 1 3 0 3 0 3 1 0 0 0 0 0 1 3 0 1 0 0 0 1 1 3 1 0 0 0 1 0 1 0 1 1 1 3 0 0 0 1 1 1 0 0 3 1 0 0 0 1 0 0 3 0 0 0 3 1 0 0 0 0 0 3 3
3 0 0 3 3 1 1 3 0 1 1 0 3 0 0 1 1 3 0 1 1 3 0 1 0 0 0 3 1 0 0 0 0 3 0 1 1 1 0 0 1 3 1 0 0 3 1 3 1 1 1 0 0 0 0 0 0 1 1 0 0 3 0 0 0 1 0 1 3 3 0 3 1 3 3 0 1 1 0 3
3 0 1 0 1 3 0 0 0 3 0 1 0 3 3 0 1 0 0 3 0 0 1 0 3 0 0 1 3 1 0 0 1 1 0 3 0 0 0 0 0 3 0 1 0 0 0 1 1 1 1 3 3 0 3 3 3 3 0 3 0 3 0 1 0 0 1 0 3 1 1 0 3 0 1 0 1 0 0 3
3 0 0 0 3 1 1 3 3 3 1 0 1 0 0 0 3 3 1 3 3 0 0 1 0 3 3 1 1 0 3 0 1 1 0 3 1 1 0 1 0 3 0 0 0 0 0 3 0 1 0 0 0 0 3 0 1 0 3 3 1 0 1 1 0 0 0 1 0 1 0 0 0 3 3 3 0 0 3 3
3 0 3 1 3 0 0 1 1 1 0 3 0 3 1 0 3 1 1 1 1 0 0 0 0 0 3 0 3 1 0 0 0 0 0 3 0 0 3 1 3 0 3 1 3 0 1 3 1 1 3 3 1 1 0 3 0 0 1 0 3 1 0 1 3 0 0 0 0 1 0 0 3 1 1 1 3 0 0 3
3 0 0 3 1 0 1 0 3 1 0 0 3 0 0 3 1 0 0 0 3 1 1 0 0 3 0 3 0 1 1 0 1 1 3 0 0 1 3 0 0 1 3 1 1 0 0 3 0 1 0 0 1 0 3 1 3 0 0 3 0 1 0 0 1 3 0 0 1 3 0 1 0 0 1 0 0 0 0 3
3 0 1 0 1 1 0 0 1 3 0 0 1 3 1 1 3 0 0 1 0 0 1 0 1 1 3 3 0 0 3 1 0 0 3 3 0 0 3 0 0 1 0 0 3 3 1 0 3 3 1 0 0 0 0 0 0 0 1 0 0 1 1 0 3 0 0 3 1 3 0 0 3 3 0 0 0 1 1 3
3 0 0 3 0 1 3 3 3 1 1 1 3 1 0 1 3 0 1 0 0 0 1 3 1 3 1 0 3 0 3 0 0 0 3 0 0 0 0 0 3 0 0 1 1 3 0 3 1 1 3 3 1 0 3 0 3 1 1 3 0 0 3 1 0 0 3 1 3 0 1 0 1 0 1 0 0 0 0 3
3 0 0 3 3 0 0 3 0 0 0 1 1 0 0 3 1 0 1 0 1 0 1 1 3 3 0 1 3 3 1 0 1 3 3 1 3 0 0 0 0 0 0 3 3 0 0 0 1 1 0 0 3 0 0 1 0 3 1 3 0 3 3 0 3 0 0 0 0 0 3 3 0 3 1 3 3 3 1 3
3 0 3 3 3 1 0 0 3 1 3 0 0 3 3 0 3 0 0 1 0 0 3 0 1 3 0 0 3 0 0 0 3 0 0 0 1 1 0 3 0 0 3 0 1 0 0 0 3 0 3 0 3 3 0 0 0 3 3 0 1 3 1 1 3 3 1 0 0 0 0 0 0 0 1 0 1 0 1 3
3 0 0 3 0 3 0 0 1 3 3 3 0 1 1 3 0 0 0 3 0 1 1 1 3 3 1 0 3 0 3 0 1 3 3 0 0 0 3 0 1 0 3 3 3 0 3 0 3 0 0 3 3 1 0 0 1 0 3 0 0 1 0 1 1 3 0 0 0 0 3 3 1 0 3 3 1 3 0 3
3 0 3 3 0 0 0 1 0 0 0 0 3 1 0 1 3 0 1 3 1 1 0 3 0 0 1 0 3 1 0 1 1 3 0 3 0 0 1 0 3 0 0 3 1 3 1 0 3 1 0 3 0 1 0 0 0 0 0 0 3 1 3 0 1 1 1 3 0 0 0 1 1 0 0 0 3 3 0 3
3 1 1 0 0 1 0 1 0 0 3 1 0 0 1 0 0 3 3 3 0 3 0 3 1 1 0 0 3 0 3 0 0 0 0 0 1 1 0 0 1 0 0 0 0 0 0 1 0 3 0 0 0 1 1 1 0 0 0 0 0 3 0 0 3 3 1 3 0 0 0 3 0 0 0 3 0 0 0 3
3 3 3 3 3 3 3 3 3 3 3 3 3 3 3 3 3 3 3 3 3 3 3 3 3 3 3 3 3 3 3 3 3 3 3 3 3 3 3 3 3 3 3 3 3 3 3 3 3 3 3 3 3 3 3 3 3 3 3 3 3 3 3 3 3 3 3 3 3 3 3 3 3 3 3 3 3 3 3 3 